0	0
1	0.0005
2	0.0021
3	0.0048
4	0.0085
5	0.0133
6	0.0192
7	0.0261
8	0.0341
9	0.0432
10	0.0533
11	0.0645
12	0.0768
13	0.0901
14	0.1045
15	0.12
16	0.1365
17	0.1541
18	0.1728
19	0.1925
20	0.2133
21	0.2352
22	0.2581
23	0.2821
24	0.3072
25	0.3333
26	0.3605
27	0.3888
28	0.4181
29	0.4485
30	0.48
31	0.5125
32	0.5461
33	0.5808
34	0.6165
35	0.6533
36	0.6912
37	0.7301
38	0.7701
39	0.8112
40	0.8533
41	0.8965
42	0.9408
43	0.9861
44	1.0325
45	1.08
46	1.1285
47	1.1781
48	1.2288
49	1.2805
50	1.3333
51	1.3872
52	1.4421
53	1.4981
54	1.5552
55	1.6133
56	1.6725
57	1.7328
58	1.7941
59	1.8565
60	1.92
61	1.9845
62	2.0501
63	2.1168
64	2.1845
65	2.2533
66	2.3232
67	2.3941
68	2.4661
69	2.5392
70	2.6133
71	2.6885
72	2.7648
73	2.8421
74	2.9205
75	3
76	3.0805
77	3.1621
78	3.2448
79	3.3285
80	3.4133
81	3.4992
82	3.5861
83	3.6741
84	3.7632
85	3.8533
86	3.9445
87	4.0368
88	4.1301
89	4.2245
90	4.32
91	4.4165
92	4.5141
93	4.6128
94	4.7125
95	4.8133
96	4.9152
97	5.0181
98	5.1221
99	5.2272
100	5.3333
101	5.4405
102	5.5488
103	5.6581
104	5.7685
105	5.88
106	5.9925
107	6.1061
108	6.2208
109	6.3365
110	6.4533
111	6.5712
112	6.6901
113	6.8101
114	6.9312
115	7.0533
116	7.1765
117	7.3008
118	7.4261
119	7.5525
120	7.68
121	7.8085
122	7.9381
123	8.0688
124	8.2005
125	8.3333
126	8.4672
127	8.6021
128	8.7381
129	8.8752
130	9.0133
131	9.1525
132	9.2928
133	9.4341
134	9.5765
135	9.72
136	9.8645
137	10.0101
138	10.1568
139	10.3045
140	10.4533
141	10.6032
142	10.7541
143	10.9061
144	11.0592
145	11.2133
146	11.3685
147	11.5248
148	11.6821
149	11.8405
150	12
151	12.1605
152	12.3221
153	12.4848
154	12.6485
155	12.8133
156	12.9792
157	13.1461
158	13.3141
159	13.4832
160	13.6533
161	13.8245
162	13.9968
163	14.1701
164	14.3445
165	14.52
166	14.6965
167	14.8741
168	15.0528
169	15.2325
170	15.4133
171	15.5952
172	15.7781
173	15.9621
174	16.1472
175	16.3333
176	16.5205
177	16.7088
178	16.8981
179	17.0885
180	17.28
181	17.4725
182	17.6661
183	17.8608
184	18.0565
185	18.2533
186	18.4512
187	18.6501
188	18.8501
189	19.0512
190	19.2533
191	19.4565
192	19.6608
193	19.8661
194	20.0725
195	20.28
196	20.4885
197	20.6981
198	20.9088
199	21.1205
200	21.3333
201	21.5472
202	21.7621
203	21.9781
204	22.1952
205	22.4133
206	22.6325
207	22.8528
208	23.0741
209	23.2965
210	23.52
211	23.7445
212	23.9701
213	24.1968
214	24.4245
215	24.6533
216	24.8832
217	25.1141
218	25.3461
219	25.5792
220	25.8133
221	26.0485
222	26.2848
223	26.5221
224	26.7605
225	27
226	27.2405
227	27.4821
228	27.7248
229	27.9685
230	28.2133
231	28.4592
232	28.7061
233	28.9541
234	29.2032
235	29.4533
236	29.7045
237	29.9568
238	30.2101
239	30.4645
240	30.72
241	30.9765
242	31.2341
243	31.4928
244	31.7525
245	32.0133
246	32.2752
247	32.5381
248	32.8021
249	33.0672
250	33.3333
251	33.6005
252	33.8688
253	34.1381
254	34.4085
255	34.68
256	34.9525
257	35.2261
258	35.5008
259	35.7765
260	36.0533
261	36.3312
262	36.6101
263	36.8901
264	37.1712
265	37.4533
266	37.7365
267	38.0208
268	38.3061
269	38.5925
270	38.88
271	39.1685
272	39.4581
273	39.7488
274	40.0405
275	40.3333
276	40.6272
277	40.9221
278	41.2181
279	41.5152
280	41.8133
281	42.1125
282	42.4128
283	42.7141
284	43.0165
285	43.32
286	43.6245
287	43.9301
288	44.2368
289	44.5445
290	44.8533
291	45.1632
292	45.4741
293	45.7861
294	46.0992
295	46.4133
296	46.7285
297	47.0448
298	47.3621
299	47.6805
300	48
301	48.3205
302	48.6421
303	48.9648
304	49.2885
305	49.6133
306	49.9392
307	50.2661
308	50.5941
309	50.9232
310	51.2533
311	51.5845
312	51.9168
313	52.2501
314	52.5845
315	52.92
316	53.2565
317	53.5941
318	53.9328
319	54.2725
320	54.6133
321	54.9552
322	55.2981
323	55.6421
324	55.9872
325	56.3333
326	56.6805
327	57.0288
328	57.3781
329	57.7285
330	58.08
331	58.4325
332	58.7861
333	59.1407
334	59.4964
335	59.8532
336	60.211
337	60.5699
338	60.9298
339	61.2907
340	61.6527
341	62.0157
342	62.3797
343	62.7446
344	63.1105
345	63.4774
346	63.8451
347	64.2136
348	64.583
349	64.953
350	65.3236
351	65.6948
352	66.0663
353	66.4381
354	66.81
355	67.1817
356	67.553
357	67.9237
358	68.2933
359	68.6617
360	69.0284
361	69.3929
362	69.7548
363	70.1136
364	70.4687
365	70.8194
366	71.1653
367	71.5055
368	71.8396
369	72.1667
370	72.4863
371	72.7977
372	73.1005
373	73.394
374	73.6779
375	73.9519
376	74.2159
377	74.4698
378	74.7138
379	74.9483
380	75.1739
381	75.3914
382	75.6018
383	75.8064
384	76.0067
385	76.2044
386	76.4014
387	76.5998
388	76.8017
389	77.0097
390	77.226
391	77.4531
392	77.6934
393	77.9493
394	78.2228
395	78.5162
396	78.8313
397	79.1693
398	79.5319
399	79.9197
400	80.3333
401	80.773
402	81.2386
403	81.7293
404	82.2446
405	82.7829
406	83.3428
407	83.9226
408	84.5201
409	85.1331
410	85.7593
411	86.3964
412	87.0417
413	87.6931
414	88.3481
415	89.0044
416	89.66
417	90.3131
418	90.9618
419	91.6047
420	92.2406
421	92.8683
422	93.4871
423	94.0965
424	94.6959
425	95.2852
426	95.8646
427	96.434
428	96.9938
429	97.5444
430	98.0863
431	98.62
432	99.1463
433	99.6655
434	100.1786
435	100.6861
436	101.1887
437	101.6869
438	102.1815
439	102.6729
440	103.1617
441	103.6484
442	104.1333
443	104.617
444	105.0997
445	105.5817
446	106.0633
447	106.5448
448	107.0263
449	107.5081
450	107.9903
451	108.473
452	108.9563
453	109.4403
454	109.9251
455	110.4107
456	110.8972
457	111.3846
458	111.873
459	112.3624
460	112.8527
461	113.344
462	113.8365
463	114.3299
464	114.8243
465	115.3199
466	115.8164
467	116.314
468	116.8128
469	117.3125
470	117.8133
471	118.3152
472	118.8181
473	119.3221
474	119.8272
475	120.3333
476	120.8405
477	121.3488
478	121.8581
479	122.3685
480	122.88
481	123.3925
482	123.9061
483	124.4208
484	124.9365
485	125.4533
486	125.9712
487	126.4901
488	127.0101
489	127.5312
490	128.0533
491	128.5765
492	129.1008
493	129.6261
494	130.1525
495	130.68
496	131.2085
497	131.7381
498	132.2688
499	132.8005
500	133.3333
501	133.8672
502	134.4021
503	134.9381
504	135.4752
505	136.0133
506	136.5525
507	137.0928
508	137.6341
509	138.1765
510	138.72
511	139.2645
512	139.8101
513	140.3568
514	140.9045
515	141.4533
516	142.0032
517	142.5541
518	143.1061
519	143.6592
520	144.2133
521	144.7685
522	145.3248
523	145.8821
524	146.4405
525	147
526	147.5605
527	148.1221
528	148.6848
529	149.2485
530	149.8133
531	150.3792
532	150.9461
533	151.5141
534	152.0832
535	152.6533
536	153.2245
537	153.7968
538	154.3701
539	154.9445
540	155.52
541	156.0965
542	156.6741
543	157.2528
544	157.8325
545	158.4133
546	158.9952
547	159.5781
548	160.1621
549	160.7472
550	161.3333
551	161.9205
552	162.5088
553	163.0981
554	163.6885
555	164.28
556	164.8725
557	165.4661
558	166.0608
559	166.6565
560	167.2533
561	167.8512
562	168.4501
563	169.0501
564	169.6512
565	170.2533
566	170.8565
567	171.4608
568	172.0661
569	172.6725
570	173.28
571	173.8885
572	174.4981
573	175.1088
574	175.7205
575	176.3333
576	176.9472
577	177.5621
578	178.1781
579	178.7952
580	179.4133
581	180.0325
582	180.6528
583	181.2741
584	181.8965
585	182.52
586	183.1445
587	183.7701
588	184.3968
589	185.0245
590	185.6533
591	186.2832
592	186.9141
593	187.5461
594	188.1792
595	188.8133
596	189.4485
597	190.0848
598	190.7221
599	191.3605
600	192
601	192.6405
602	193.2821
603	193.9248
604	194.5685
605	195.2133
606	195.8592
607	196.5061
608	197.1541
609	197.8032
610	198.4533
611	199.1045
612	199.7568
613	200.4101
614	201.0645
615	201.72
616	202.3765
617	203.0341
618	203.6928
619	204.3525
620	205.0133
621	205.6752
622	206.3381
623	207.0021
624	207.6672
625	208.3333
626	209.0005
627	209.6688
628	210.3381
629	211.0085
630	211.68
631	212.3525
632	213.0261
633	213.7008
634	214.3765
635	215.0533
636	215.7312
637	216.4101
638	217.0901
639	217.7712
640	218.4533
641	219.1365
642	219.8208
643	220.5061
644	221.1925
645	221.88
646	222.5685
647	223.2581
648	223.9488
649	224.6405
650	225.3333
651	226.0272
652	226.7221
653	227.4181
654	228.1152
655	228.8133
656	229.5125
657	230.2128
658	230.9141
659	231.6165
660	232.32
661	233.0245
662	233.7301
663	234.4368
664	235.1445
665	235.8533
666	236.5632
667	237.2741
668	237.9861
669	238.6992
670	239.4133
671	240.1285
672	240.8448
673	241.5621
674	242.2805
675	243
676	243.7205
677	244.4421
678	245.1648
679	245.8885
680	246.6133
681	247.3392
682	248.0661
683	248.7941
684	249.5232
685	250.2533
686	250.9845
687	251.7168
688	252.4501
689	253.1845
690	253.92
691	254.6565
692	255.3941
693	256.1328
694	256.8725
695	257.6133
696	258.3552
697	259.0981
698	259.8421
699	260.5872
700	261.3333
701	262.0805
702	262.8288
703	263.5781
704	264.3285
705	265.08
706	265.8325
707	266.5861
708	267.3408
709	268.0965
710	268.8533
711	269.6112
712	270.3701
713	271.1301
714	271.8912
715	272.6533
716	273.4165
717	274.1808
718	274.9461
719	275.7125
720	276.48
721	277.2485
722	278.0181
723	278.7888
724	279.5605
725	280.3333
726	281.1072
727	281.8821
728	282.6581
729	283.4352
730	284.2133
731	284.9925
732	285.7728
733	286.5541
734	287.3365
735	288.12
736	288.9045
737	289.6901
738	290.4768
739	291.2645
740	292.0533
741	292.8432
742	293.6341
743	294.4261
744	295.2192
745	296.0133
746	296.8085
747	297.6048
748	298.4021
749	299.2005
750	300
751	300.8005
752	301.6021
753	302.4048
754	303.2085
755	304.0133
756	304.8192
757	305.6261
758	306.4341
759	307.2432
760	308.0533
761	308.8645
762	309.6768
763	310.4901
764	311.3045
765	312.12
766	312.9365
767	313.7541
768	314.5728
769	315.3925
770	316.2133
771	317.0352
772	317.8581
773	318.6821
774	319.5072
775	320.3333
776	321.1605
777	321.9888
778	322.8181
779	323.6485
780	324.48
781	325.3125
782	326.1461
783	326.9808
784	327.8165
785	328.6533
786	329.4912
787	330.3301
788	331.1701
789	332.0112
790	332.8533
791	333.6965
792	334.5408
793	335.3861
794	336.2325
795	337.08
796	337.9285
797	338.7781
798	339.6288
799	340.4805